0,11111111,118,200,7,32
2,11111111,200,3,9,4
3,11111111,2,118,6,9
4,11111111,2,38,41,11
5,1111,200,11
6,11111111,3,118,32,34
7,112222,0,28,31
8,11221122,200,201,16,28
9,111111,2,3,10
10,11111111,9,36,108,38
11,111111,4,12,5
12,11221122,11,42,13,201
13,111111,12,15,14
14,1111,13,44
15,11,13
16,1111,8,17
17,1111,16,18
18,111111,17,20,19
19,11,18
20,111111,18,49,21
21,1111,20,22
22,1111,21,23
23,111111,22,24,25
24,11221122,23,53,30,29
25,111111,23,29,26
26,1111,25,27
27,1111,26,28
28,222211,7,8,27
29,22112211,24,30,31,25
30,11111111,24,52,50,29
31,22222222,7,29,51,56
32,111111,0,54,6
34,1111,6,35
35,111111,34,37,36
36,111111,10,35,37
37,111111,35,84,36
38,111111,4,10,39
39,1111,38,40
40,11111111,39,121,47,41
41,11111111,4,40,47,42
42,22112211,12,41,46,109
44,1111,14,109
45,11,109
46,22,42
47,111111,40,48,41
48,11,47
49,11,20
50,11221122,30,202,58,51
51,222211,31,50,55
52,11,30
53,22,24
54,11221122,32,56,57,62
55,11111111,51,58,57,56
56,221122,31,55,54
57,11111111,54,55,59,61
58,111111,50,59,55
59,11111111,57,58,111,60
60,11111111,59,64,65,61
61,11111111,57,60,63,203
62,221122,54,203,79
63,1111111111,61,65,70,68,203
64,111111,60,113,65
65,111111,60,64,63
66,111111,67,68,76
67,111111,66,77,79
68,11111111,63,69,76,66
69,11111111,68,70,74,76
70,111111,63,71,69
71,11111111,70,72,114,73
72,111111,71,113,114
73,111111,71,115,74
74,11111111,69,73,96,75
75,1111,74,77
76,111111,66,68,69
77,111111,67,75,78
78,112222,77,94,79
79,22112211,62,67,78,92
80,11111111,87,86,123,81
81,1111,80,82
82,111111,81,123,83
83,11111111,82,85,119,84
84,111111,37,83,107
85,1111111111,83,123,86,100,102
86,11111111,80,88,100,85
87,111111,80,91,88
88,111111,86,87,89
89,111111,88,90,98
90,11111111,89,91,92,93
91,111111,87,92,90
92,111111,79,90,91
93,111111,90,94,98
94,222211,78,95,93
95,221122,94,96,97
96,1111,74,95
97,22,95
98,111111,89,93,99
99,111111,98,101,100
100,111111,85,86,99
101,111111,99,105,103
102,11111111,85,103,104,119
103,11111111,101,122,104,102
104,11111111,102,103,122,106
105,11,101
106,111111,104,120,119
107,11,84
108,11,10
109,11111111,42,45,110,44
110,11,109
111,11,59
112,11,113
113,111111,64,112,72
114,11111111,71,72,116,115
115,111111,73,114,117
116,11,114
117,11,115
118,111111,0,6,3
119,111111,83,102,106
120,11,106
121,11,40
122,1111,103,104
123,111111,80,85,82
200,11111111,0,2,5,8
201,2222,8,12
202,22,50
203,111111,61,63,62
