0,22,1
1,222211,0,2,19
2,222211,1,3,18
3,222211,2,4,17
4,222211,3,5,16
5,22222222,4,7,6,8
6,22,5
7,22,5
8,222211,5,9,16
9,2222,8,10
10,2222,9,11
11,2222,10,12
12,222211,11,13,40
13,222211,12,14,39
14,222211,13,15,41
15,22,14
16,111111,4,8,17
17,111111,3,16,18
18,111111,2,17,21
19,1111,1,20
20,111111,19,21,22
21,111111,18,28,20
22,111111,20,24,23
23,11,22
24,111111,22,26,25
25,111111,24,26,31
26,11111111,24,27,30,25
27,111111,26,28,29
28,1111,21,27
29,111111,27,36,30
30,11111111,26,29,33,31
31,111111,25,30,32
32,111111,31,33,35
33,111111,30,34,32
34,11111111,33,36,38,35
35,111111,32,34,41
36,111111,29,37,34
37,111111,36,40,38
38,111111,34,37,39
39,11111111,13,41,38,40
40,111111,12,39,37
41,111111,14,35,39
